[Atlas_info]
/atlas/EscenaSprites/tilemap2.png
768 720 
48 48
30 30 
[ID_Matrix]
-1 -1 -1 -1 -1 -1 -1 -1 -1 -1 10 10 10 10 10 10 10 10 10 10 -1 -1 -1 -1 -1 -1 -1 -1 -1 -1
-1 -1 -1 -1 -1 -1 -1 10 10 10 10  0  0  0  0  16  0  0  0 10 10 10 10 -1 -1 -1 -1 -1 -1 -1
-1 -1 -1 -1 -1 10 10 10  17  17  0  0  0  0  0  0  0  0  0  0  0  0 10 10 10 -1 -1 -1 -1 -1
-1 -1 -1 -1 10 10  0  0  17  17  0  0  0  0  0  0  0  0  4  5  0  0  0  0 10 10 -1 -1 -1 -1
-1 -1 -1 10 10  0  0  0  0  17  17  0  0  0  0  0  0  0  4  5  0  0  0  0  0 10 10 -1 -1 -1
-1 -1 10 10  0  0  0  0  0  0  17  0  0  0  0  0  0  0  0  0  0  0  0  0  0  0 10 10 -1 -1
-1 -1 10  0  0  0  0  0  0  0  0  0  0  0  0  0  0  0  0  0  0  0  0  0  0  0  0 10 -1 -1
-1 10 10  0  0  0  0  0  0  0  0  0  0  0  0  0  0  0  0  0  0  0  0  0  0  0  0 10 10 -1
-1 10  0  0  0  0  0  0  0  0  0  0  0  0  0  0  0  0  0  0  0  0  0  0  0  0  0  0 10 -1
-1 10  0  0  0  0  0  0  0  0  0  0  0  0  0  0  0  0  0  0  0  0  0  0  0  0  0  0 10 -1
10 10  0  0  0  0  0  0  0  0  0  0  0  0  0  0  0  0  0  0  0  0  0  0  0  0  0  0 10 10
10  0  0  0  0  0  0  0  0  0  0  0  0  0  0  0  0  0  0  0  0  0  0  0  0  0  0  0  0 10
10  0  0  0  0  0  0  0  0  0  0  0  0  0  0  0  0  0  0  0  0  0  0  0  0  0  0  0  0 10
10  0  0  0  0  0  0  0  0  0  0  0  0  0  0  0  0  0  0  0  0  0  0  0  0  0  0  0  0 10
10  0  0  0  0  0  0  0  0  0  0  0  0  0  0  0  0  0  0  0  0  0  0  0  0  0  0  0  0 10
10  0  0  0  0  0  0  0  0  0  0  0  0  0  0  0  0  0  0  0  0  0  0  0  0  0  0  0  0 10
10  0  0  0  0  0  0  0  0  0  0  0  0  0  0  0  0  0  0  0  0  0  0  0  0  0  0  0  0 10
10  0  0  0  0  0  0  0  0  4  5  0  0  0  0  0  0  0  0  0  0  0  0  0  0  0  0  0  0 10
10  0  0  0  0  0  0  0  0  4  5  0  0  0  0  0  0  0  0  0  0  0  0  0  0  0  0  0  0 10
10 10  0  0  0  0  0  0  0  0  0  0  0  0  0  0  0  0  0  0  0  0  0  0  0  0  0  0 10 10
-1 10  0  0  0  0  0  0  0  0  0  0  0  0  0  0  0  0  0  0  0  0  0  0  0  0  0  0 10 -1
-1 10  0  0  0  0  0  0  0  0  0  0  0  0  0  0  0  0  0  0  0  0  0  0  0  0  0  0 10 -1
-1 10 10  0  0  0  0  0  0  0  0  0  0  0  0  0  0  0  0  0  0  0  0  0  0  0  0 10 10 -1
-1 -1 10  0  0  0  0  0  0  0  0  0  0  0  0  0  0  0  0  0  4  5  0  0  0  0  0 10 -1 -1
-1 -1 10 10  0  0  0  0  0  0  0  0  0  0  0  0  0  0  0  0  4  5  0  0  0  0 10 10 -1 -1
-1 -1 -1 10 10  0  0  0  0  0  0  0  0  0  0  0  0  0  0  0  0  0  0  0  0 10 10 -1 -1 -1
-1 -1 -1 -1 10 10  0  0  0  0  0  0  0  0  0  0  0  0  0  0  0  0  0  0 10 10 -1 -1 -1 -1
-1 -1 -1 -1 -1 10 10 10  0  0  0  0  0  0  0  0  0  0  0  0  0  0 10 10 10 -1 -1 -1 -1 -1
-1 -1 -1 -1 -1 -1 -1 10 10 10 10  0  0  0  0  0  0  0  0 10 10 10 10 -1 -1 -1 -1 -1 -1 -1
-1 -1 -1 -1 -1 -1 -1 -1 -1 -1 10 10 10 10 10 10 10 10 10 10 -1 -1 -1 -1 -1 -1 -1 -1 -1 -1
